 $DATA  
1-NF2,4-cyano-1,2,4-triazolium ion...MP2/6-31++G(d,p) geometry                  
CS       0

N           7.0      0.6276827108      0.1135173087      0.0000000000
   N31     6
   L       1
     1              0.0639000000  1.00000000  1.00000000
   D       1
     1              0.8000000000  1.00000000
        
N           7.0     -0.7197954777      0.0135796606      0.0000000000
   N31     6
   L       1
     1              0.0639000000  1.00000000  1.00000000
   D       1
     1              0.8000000000  1.00000000
        
C           6.0     -1.1137985684      1.2721378108      0.0000000000
   N31     6
   L       1
     1              0.0438000000  1.00000000  1.00000000
   D       1
     1              0.8000000000  1.00000000
        
N           7.0     -0.0174462602      2.1275879754      0.0000000000
   N31     6
   L       1
     1              0.0639000000  1.00000000  1.00000000
   D       1
     1              0.8000000000  1.00000000
        
C           6.0      1.0958991612      1.3611552266      0.0000000000
   N31     6
   L       1
     1              0.0438000000  1.00000000  1.00000000
   D       1
     1              0.8000000000  1.00000000
        
H           1.0     -2.1380803969      1.6121505226      0.0000000000
   N31     6
   S       1
     1              0.0360000000  1.00000000
   P       1
     1              1.1000000000  1.00000000
        
H           1.0      2.1280654965      1.6804345388      0.0000000000
   N31     6
   S       1
     1              0.0360000000  1.00000000
   P       1
     1              1.1000000000  1.00000000
        
N           7.0      1.5141451241     -1.0150413991      0.0000000000
   N31     6
   L       1
     1              0.0639000000  1.00000000  1.00000000
   D       1
     1              0.8000000000  1.00000000
        
F           9.0      1.0699884795     -1.7522991794      1.0855943184
   N31     6
   L       1
     1              0.1076000000  1.00000000  1.00000000
   D       1
     1              0.8000000000  1.00000000
        
C           6.0     -0.0523280592      3.4995367309      0.0000000000
   N31     6
   L       1
     1              0.0438000000  1.00000000  1.00000000
   D       1
     1              0.8000000000  1.00000000
        
N           7.0     -0.1017707368      4.6818127169      0.0000000000
   N31     6
   L       1
     1              0.0639000000  1.00000000  1.00000000
   D       1
     1              0.8000000000  1.00000000
        
 $END      
 $ZMAT   IZMAT(1)=
         1,   1,   2,
         1,   2,   3,
         1,   3,   4,
         1,   4,   5,
         1,   5,   1,
         2,   2,   3,   4,
         2,   4,   5,   1,
         3,   1,   2,   3,   4,
         3,   4,   5,   1,   2,
         1,   3,   6,
         2,   6,   3,   2,
         3,   6,   3,   2,   1,
         1,   5,   7,
         2,   7,   5,   1,
         3,   7,   5,   1,   2,
         1,   8,   1,
         2,   8,   1,   2,
         3,   8,   1,   2,   3,
         1,   9,   8,
         2,   9,   8,   1,
         3,   9,   8,   1,   2,
         1,  10,   8,
         2,  10,   8,   1,
         3,  10,   8,   1,   2,
         1,  11,   4,
         2,  11,   4,   3,
         3,  11,   4,   3,   2,
         1,  11,  12,
         2,  12,  11,   4,
         4,  12,  11,   3,   5,
 $END
